K25U06S     KB  2025 10 26.449870 23 47   02.80 -01 18   29.3 17.9 GV   P13            
K25U06S     KB  2025 10 26.455140 23 47   33.38 -01 13   29.3 18.0 GV   P13            
K25U06S     KB  2025 10 26.460350 23 48   03.53 -01 08   30.3 18.0 GV   P13            
K25U06S     KB  2025 10 26.465530 23 48   33.45 -01 03   33.7 17.7 GV   P13            
K25U06S     KB  2025 10 26.536869 23 55   16.40 +00 06   31.6 17.6 GV   P13            
K25U06S     KB  2025 10 26.542336 23 55   46.97 +00 12   01.7 18.0 GV   P13            
K25U06S     KB  2025 10 26.547551 23 56   16.14 +00 17   17.3 17.6 GV   P13            
K25U06S     KB  2025 10 26.553336 23 56   48.49 +00 23   08.5 17.7 GV   P13            
C4557E1     KB  2025 10 27.533783 02 49   19.11 +19 33   42.4 17.0 G   P13            
C4557E1     KB  2025 10 27.535645 02 49   42.62 +19 36   11.2 17.1 G   P13            
C4557E1     KB  2025 10 27.537541 02 50   06.53 +19 38   42.1 16.8 G   P13            
C4557E1     KB  2025 10 27.539447 02 50   30.59 +19 41   14.1 16.6 G   P13            
C4557E1     KB  2025 10 27.541377 02 50   54.89 +19 43   47.5 16.7 G   P13            
C4557E1     KB  2025 10 27.543380 02 51   20.15 +19 46   26.3 16.8 G   P13            
C4557E1     KB  2025 10 27.545585 02 51   47.94 +19 49   20.8 16.6 G   P13            
C4557E1     KB  2025 10 28.729782 08 10   38.65 +22 41   34.6 16.6 G   P13            
C4557E1     KB  2025 10 28.730359 08 10   46.17 +22 41   09.9 16.1 G   P13            
C4557E1     KB  2025 10 28.730993 08 10   54.48 +22 40   42.8 16.4 G   P13            
C4557E1     KB  2025 10 28.731627 08 11   02.62 +22 40   16.0 16.1 G   P13            
C4557E1     KB  2025 10 28.732261 08 11   10.81 +22 39   49.0 16.3 G   P13            
C4557E1     KB  2025 10 28.732896 08 11   19.10 +22 39   21.5 16.3 G   P13            
C4557E1     KB  2025 10 28.733472 08 11   26.58 +22 38   56.8 16.1 G   P13            
