K25U06S*    1C  2025 10 26.180462 23 13   08.10 -05 10   32.5 18.5 GV   703            
K25U06S     1C  2025 10 26.182770 23 13   17.99 -05 08   34.3         703            
K25U06S     1C  2025 10 26.185086 23 13   27.76 -05 06   40.3 18.7 GV   703            
K25U06S     1C  2025 10 26.187395 23 13   37.88 -05 04   40.2 18.3 GV   703            
K25U06S     mC  2025 10 26.212282 23 15   26.42 -04 43   32.4 18.0 GV   I52            
K25U06S     mC  2025 10 26.212395 23 15   26.91 -04 43   26.8 18.1 GV   I52            
K25U06S     mC  2025 10 26.212507 23 15   27.40 -04 43   21.0 18.1 GV   I52            
K25U06S     mC  2025 10 26.212632 23 15   27.96 -04 43   14.6 18.0 GV   I52            
K25U06S     C   2025 10 26.243259 23 18   39.19 -04 23   19.8 18.2 GV   U74            
K25U06S     C   2025 10 26.246567 23 18   54.34 -04 20   27.7 18.2 GV   U74            
K25U06S     mC  2025 10 26.251492 23 18   22.82 -04 09   22.6 18.1 GV   I52            
K25U06S     mC  2025 10 26.251593 23 18   23.28 -04 09   16.8 18.2 GV   I52            
K25U06S     mC  2025 10 26.251694 23 18   23.75 -04 09   11.6 18.1 GV   I52            
K25U06S     mC  2025 10 26.251794 23 18   24.20 -04 09   06.4 17.9 GV   I52            
K25U06S     mC  2025 10 26.334680 23 25   18.94 -02 54   14.6 18.0 GV   I52            
K25U06S     mC  2025 10 26.334819 23 25   19.74 -02 54   06.4 18.0 GV   I52            
K25U06S     mC  2025 10 26.334955 23 25   20.48 -02 53   59.2 18.2 GV   I52            
K25U06S     mC  2025 10 26.335090 23 25   21.22 -02 53   51.6 17.7 GV   I52            
