ABC0093     KC  2025 06 25.607330 11 16   38.07 +03 13   17.9 19.1 V   O17            
ABC0093     KC  2025 06 25.608050 11 16   42.96 +03 12   33.0 18.8 V   O17            
ABC0093     KC  2025 06 25.608780 11 16   47.79 +03 11   48.0 19.2 V   O17            
ABC0095     KC  2025 06 25.624000 11 18   31.26 +02 56   12.0 19.4 V   O17            
ABC0095     KC  2025 06 25.624720 11 18   36.17 +02 55   28.1 18.8 V   O17            
ABC0095     KC  2025 06 25.625450 11 18   41.16 +02 54   43.1 19.3 V   O17            
ABC0104     KC  2025 06 26.595820 12 56   17.65 -09 25   03.7 19.5 V   O17            
ABC0104     KC  2025 06 26.597140 12 56   21.89 -09 25   46.1 18.9 V   O17            
ABC0104     KC  2025 06 26.598470 12 56   26.12 -09 26   28.8 19.0 V   O17            
ABC0105     KC  2025 06 26.620130 12 57   36.26 -09 37   51.5 19.1 V   O17            
ABC0105     KC  2025 06 26.621450 12 57   40.60 -09 38   32.5 19.0 V   O17            
ABC0105     KC  2025 06 26.622780 12 57   45.00 -09 39   13.7 18.6 V   O17            
ABC0106     KC  2025 06 26.645130 12 58   59.98 -09 50   35.7 19.0 V   O17            
ABC0106     KC  2025 06 26.646450 12 59   04.51 -09 51   15.4 19.0 V   O17            
ABC0106     KC  2025 06 26.647780 12 59   09.06 -09 51   55.3 19.0 V   O17            
ABC0107     KC  2025 06 26.669440 13 00   24.79 -10 02   35.5 18.6 V   O17            
ABC0107     KC  2025 06 26.670770 13 00   29.54 -10 03   14.3 18.9 V   O17            
ABC0107     KC  2025 06 26.672100 13 00   34.27 -10 03   52.7 18.9 V   O17            
ABC0116     KC  2025 06 29.636610 15 35   14.32 -24 29   16.8 19.3 V   O17            
ABC0116     KC  2025 06 29.638940 15 35   17.02 -24 29   34.8 19.4 V   O17            
ABC0116     KC  2025 06 29.641240 15 35   19.68 -24 29   52.6 19.4 V   O17            
ABC0117     KC  2025 06 29.673420 15 35   58.04 -24 33   36.5 20.1 V   O17            
ABC0117     KC  2025 06 29.675720 15 36   00.87 -24 33   50.5 19.5 V   O17            
ABC0117     KC  2025 06 29.677990 15 36   03.67 -24 34   05.1 19.7 V   O17            
ABC0118     KC  2025 06 29.710920 15 36   45.95 -24 37   02.5 19.9 V   O17            
ABC0118     KC  2025 06 29.713220 15 36   49.03 -24 37   13.3 19.7 V   O17            
ABC0118     KC  2025 06 29.715490 15 36   52.13 -24 37   24.2 19.1 V   O17            
