1 43108U 18003B   25024.26415423 -.00000083  00000-0  00000-0 0  9990
2 43108  54.7606 319.9835 0004310 280.7876  79.1777  1.86230909 47883
1 43108U 18003B   25024.26415425 -.00000083  00000-0  00000+0 0  9991
2 43108  54.7606 319.9834 0004313 280.6739  79.2914  1.86230906 47883
1 43108U 18003B   25024.26415426 -.00000083  00000-0  00000-0 0  9993
2 43108  54.7606 319.9835 0004311 280.7439  79.2214  1.86230908 47885
1 43108U 18003B   25025.33806344 -.00000077  00000-0  00000-0 0  9998
2 43108  54.7597 319.9463 0004282 280.9855  78.9812  1.86230889 47903
1 43108U 18003B   25025.33806353 -.00000077  00000-0  00000+0 0  9997
2 43108  54.7597 319.9463 0004284 280.9382  79.0285  1.86230886 47903
1 43108U 18003B   25025.33806372 -.00000077  00000-0  00000-0 0  9999
2 43108  54.7597 319.9463 0004272 281.0859  78.8809  1.86230882 47906
1 43108U 18003B   25028.02283813 -.00000062  00000-0  00000+0 0  9990
2 43108  54.7573 319.8535 0004221 281.5215  78.4526  1.86230945 47951
1 43108U 18003B   25028.02283813 -.00000062  00000-0  00000-0 0  9991
2 43108  54.7573 319.8535 0004221 281.5215  78.4526  1.86230945 47951
1 43108U 18003B   25029.63371242 -.00000057  00000-0  00000+0 0  9996
2 43108  54.7560 319.7978 0004181 281.8953  78.0849  1.86230781 47989
1 43108U 18003B   25030.17066809 -.00000057  00000-0  00000-0 0  9998
2 43108  54.7555 319.7793 0004203 281.6617  78.3199  1.86230764 47991
1 43108U 18003B   25032.31848988 -.00000063  00000-0  00000+0 0  9998
2 43108  54.7537 319.7050 0004155 282.0245  77.9615  1.86230718 48038
1 43108U 18003B   25032.31848988 -.00000063  00000-0  00000-0 0  9999
2 43108  54.7537 319.7050 0004155 282.0245  77.9615  1.86230718 48038
1 43108U 18003B   25034.46630127 -.00000077  00000-0  00000+0 0  9995
2 43108  54.7518 319.6306 0004104 282.4339  77.5502  1.86230722 48072
1 43108U 18003B   25034.46630127 -.00000077  00000-0  00000-0 0  9996
2 43108  54.7518 319.6306 0004104 282.4339  77.5502  1.86230722 48072
1 43108U 18003B   25036.07715734 -.00000086  00000-0  00000+0 0  9992
2 43108  54.7505 319.5749 0004070 282.6229  77.3576  1.86230720 48101
1 43108U 18003B   25036.07715734 -.00000086  00000-0  00000-0 0  9993
2 43108  54.7505 319.5749 0004070 282.6229  77.3576  1.86230720 48101
1 43108U 18003B   25037.15106226 -.00000091  00000-0  00000+0 0  9998
2 43108  54.7496 319.5377 0004045 282.7379  77.2407  1.86230729 48129
1 43108U 18003B   25037.15106226 -.00000091  00000-0  00000-0 0  9999
2 43108  54.7496 319.5377 0004045 282.7379  77.2407  1.86230729 48129
1 43108U 18003B   25038.22496846 -.00000092  00000-0  00000+0 0  9998
2 43108  54.7487 319.5005 0004027 282.7651  77.2129  1.86230762 48140
1 43108U 18003B   25038.22496846 -.00000092  00000-0  00000-0 0  9999
2 43108  54.7487 319.5005 0004027 282.7651  77.2129  1.86230762 48140
1 43108U 18003B   25039.29887699 -.00000092  00000-0  00000+0 0  9996
2 43108  54.7478 319.4634 0004014 283.0229  76.9561  1.86230798 48165
1 43108U 18003B   25039.29887699 -.00000092  00000-0  00000-0 0  9997
2 43108  54.7478 319.4634 0004014 283.0229  76.9561  1.86230798 48165
1 43108U 18003B   25039.83583229 -.00000091  00000-0  00000-0 0  9998
2 43108  54.7473 319.4448 0003999 283.1071  76.8731  1.86230820 48175
1 43108U 18003B   25041.44670118 -.00000089  00000-0  00000+0 0  9998
2 43108  54.7459 319.3890 0003967 283.5048  76.4807  1.86230862 48202
1 43108U 18003B   25041.44670118 -.00000089  00000-0  00000-0 0  9999
2 43108  54.7459 319.3890 0003967 283.5048  76.4807  1.86230862 48202
1 43108U 18003B   25043.05757079 -.00000087  00000-0  00000+0 0  9997
2 43108  54.7446 319.3333 0003932 283.9240  76.0677  1.86230924 48233
1 43108U 18003B   25043.05757079 -.00000087  00000-0  00000-0 0  9998
2 43108  54.7446 319.3333 0003932 283.9240  76.0677  1.86230924 48233
1 43108U 18003B   25044.13148371 -.00000087  00000-0  00000+0 0  9996
2 43108  54.7437 319.2961 0003904 284.0502  75.9451  1.86230944 48253
1 43108U 18003B   25044.13148371 -.00000087  00000-0  00000-0 0  9997
2 43108  54.7437 319.2961 0003904 284.0502  75.9451  1.86230944 48253
1 43108U 18003B   25045.20539601 -.00000088  00000-0  00000+0 0  9996
2 43108  54.7428 319.2590 0003855 284.2473  75.7511  1.86230949 48277
1 43108U 18003B   25045.20539601 -.00000088  00000-0  00000-0 0  9997
2 43108  54.7428 319.2590 0003855 284.2473  75.7511  1.86230949 48277
1 43108U 18003B   25046.27930591 -.00000088  00000-0  00000+0 0  9997
2 43108  54.7419 319.2218 0003817 284.4581  75.5423  1.86230973 48293
1 43108U 18003B   25046.27930591 -.00000088  00000-0  00000-0 0  9998
2 43108  54.7419 319.2218 0003817 284.4581  75.5423  1.86230973 48293
1 43108U 18003B   25047.35321451 -.00000088  00000-0  00000+0 0  9996
2 43108  54.7410 319.1847 0003785 284.6833  75.3182  1.86230986 48314
1 43108U 18003B   25047.35321451 -.00000088  00000-0  00000-0 0  9997
2 43108  54.7410 319.1847 0003785 284.6833  75.3182  1.86230986 48314
1 43108U 18003B   25047.35321575 -.00000088  00000-0  00000-0 0  9994
2 43108  54.7411 319.1847 0003781 284.7293  75.2721  1.86230952 48313
1 43108U 18003B   25048.42712176 -.00000087  00000-0  00000+0 0  9992
2 43108  54.7401 319.1476 0003762 284.9085  75.0932  1.86230987 48332
1 43108U 18003B   25048.42712176 -.00000087  00000-0  00000-0 0  9993
2 43108  54.7401 319.1476 0003762 284.9085  75.0932  1.86230987 48332
1 43108U 18003B   25048.96407456 -.00000085  00000-0  00000-0 0  9992
2 43108  54.7397 319.1290 0003754 284.9987  75.0030  1.86231002 48341
1 43108U 18003B   25049.50102836 -.00000083  00000-0  00000+0 0  9994
2 43108  54.7392 319.1104 0003733 285.1298  74.8719  1.86230987 48358
1 43108U 18003B   25049.50102836 -.00000083  00000-0  00000-0 0  9995
2 43108  54.7392 319.1104 0003733 285.1298  74.8719  1.86230987 48358
1 43108U 18003B   25051.11188810 -.00000075  00000-0  00000+0 0  9991
2 43108  54.7378 319.0547 0003700 285.2650  74.7368  1.86230986 48380
1 43108U 18003B   25051.11188810 -.00000075  00000-0  00000-0 0  9992
2 43108  54.7378 319.0547 0003700 285.2650  74.7368  1.86230986 48380
1 43108U 18003B   25052.18579647 -.00000068  00000-0  00000+0 0  9993
2 43108  54.7369 319.0175 0003668 285.3778  74.6249  1.86230954 48407
1 43108U 18003B   25052.18579647 -.00000068  00000-0  00000-0 0  9994
2 43108  54.7369 319.0175 0003668 285.3778  74.6249  1.86230954 48407
1 43108U 18003B   25053.25970620 -.00000061  00000-0  00000+0 0  9991
2 43108  54.7360 318.9803 0003640 285.4918  74.5125  1.86230914 48421
1 43108U 18003B   25053.25970620 -.00000061  00000-0  00000-0 0  9992
2 43108  54.7360 318.9803 0003640 285.4918  74.5125  1.86230914 48421
1 43108U 18003B   25054.33361641 -.00000054  00000-0  00000+0 0  9990
2 43108  54.7351 318.9431 0003617 285.5438  74.4629  1.86230896 48449
1 43108U 18003B   25054.33361641 -.00000054  00000-0  00000-0 0  9991
2 43108  54.7351 318.9431 0003617 285.5438  74.4629  1.86230896 48449
1 43108U 18003B   25055.94448361 -.00000046  00000-0  00000+0 0  9994
2 43108  54.7337 318.8873 0003580 285.7157  74.2960  1.86230866 48477
1 43108U 18003B   25055.94448361 -.00000046  00000-0  00000-0 0  9995
2 43108  54.7337 318.8873 0003580 285.7157  74.2960  1.86230866 48477
1 43108U 18003B   25057.01839687 -.00000044  00000-0  00000+0 0  9997
2 43108  54.7328 318.8500 0003549 285.7344  74.2808  1.86230806 48494
1 43108U 18003B   25057.01839687 -.00000044  00000-0  00000-0 0  9998
2 43108  54.7328 318.8500 0003549 285.7344  74.2808  1.86230806 48494