1 43246U 18029B   25024.38404766 -.00000080  00000-0  00000+0 0  9998
2 43246  54.6414 317.7084 0004879   1.3371 358.6807  1.86228954 46415
1 43246U 18029B   25024.38404766 -.00000080  00000-0  00000-0 0  9999
2 43246  54.6414 317.7084 0004879   1.3371 358.6807  1.86228954 46404
1 43246U 18029B   25025.99492905 -.00000070  00000-0  00000+0 0  9997
2 43246  54.6399 317.6526 0004898   1.9866 358.0343  1.86228914 46441
1 43246U 18029B   25025.99492905 -.00000070  00000-0  00000-0 0  9998
2 43246  54.6399 317.6526 0004898   1.9866 358.0343  1.86228914 46430
1 43246U 18029B   25027.06885196 -.00000063  00000-0  00000+0 0  9997
2 43246  54.6390 317.6154 0004900   2.0731 357.9507  1.86228875 46464
1 43246U 18029B   25027.06885196 -.00000063  00000-0  00000-0 0  9998
2 43246  54.6390 317.6154 0004900   2.0731 357.9507  1.86228875 46453
1 43246U 18029B   25029.21669973 -.00000055  00000-0  00000-0 0  9991
2 43246  54.6371 317.5410 0004899   2.3710 357.6605  1.86228812 46494
1 43246U 18029B   25029.21670085 -.00000055  00000-0  00000+0 0  9996
2 43246  54.6371 317.5410 0004898   2.3916 357.6400  1.86228785 46505
1 43246U 18029B   25029.21670085 -.00000055  00000-0  00000-0 0  9997
2 43246  54.6371 317.5410 0004898   2.3916 357.6400  1.86228785 46493
1 43246U 18029B   25031.90150442 -.00000058  00000-0  00000+0 0  9998
2 43246  54.6347 317.4479 0004919   3.0617 356.9769  1.86228788 46550
1 43246U 18029B   25031.90150442 -.00000058  00000-0  00000-0 0  9999
2 43246  54.6347 317.4479 0004919   3.0617 356.9769  1.86228788 46549
1 43246U 18029B   25032.97542320 -.00000064  00000-0  00000+0 0  9993
2 43246  54.6337 317.4106 0004928   3.3863 356.6525  1.86228765 46576
1 43246U 18029B   25032.97542320 -.00000064  00000-0  00000-0 0  9994
2 43246  54.6337 317.4106 0004928   3.3863 356.6525  1.86228765 46565
1 43246U 18029B   25034.04933972 -.00000071  00000-0  00000+0 0  9998
2 43246  54.6328 317.3733 0004935   3.7173 356.3203  1.86228748 46590
1 43246U 18029B   25034.04933972 -.00000071  00000-0  00000-0 0  9999
2 43246  54.6328 317.3733 0004935   3.7173 356.3203  1.86228748 46589
1 43246U 18029B   25035.12325441 -.00000078  00000-0  00000+0 0  9991
2 43246  54.6318 317.3361 0004938   4.0060 356.0292  1.86228746 46614
1 43246U 18029B   25035.12325441 -.00000078  00000-0  00000-0 0  9992
2 43246  54.6318 317.3361 0004938   4.0060 356.0292  1.86228746 46603
1 43246U 18029B   25036.19716869 -.00000084  00000-0  00000+0 0  9994
2 43246  54.6309 317.2988 0004932   4.2570 355.7756  1.86228757 46635
1 43246U 18029B   25036.19716869 -.00000084  00000-0  00000-0 0  9995
2 43246  54.6309 317.2988 0004932   4.2570 355.7756  1.86228757 46624
1 43246U 18029B   25037.27108437 -.00000088  00000-0  00000+0 0  9994
2 43246  54.6299 317.2615 0004947   4.7563 355.2749  1.86228785 46653
1 43246U 18029B   25037.27108437 -.00000088  00000-0  00000-0 0  9995
2 43246  54.6299 317.2615 0004947   4.7563 355.2749  1.86228785 46642
1 43246U 18029B   25038.34500250 -.00000089  00000-0  00000+0 0  9993
2 43246  54.6290 317.2242 0004954   5.1984 354.8327  1.86228812 46670
1 43246U 18029B   25038.34500250 -.00000089  00000-0  00000-0 0  9994
2 43246  54.6290 317.2242 0004954   5.1984 354.8327  1.86228812 46669
1 43246U 18029B   25041.02980796 -.00000085  00000-0  00000-0 0  9996
2 43246  54.6267 317.1310 0004988   6.2094 353.8284  1.86228880 46711
1 43246U 18029B   25041.02980835 -.00000085  00000-0  00000+0 0  9999
2 43246  54.6267 317.1310 0004986   6.0916 353.9461  1.86228858 46724
1 43246U 18029B   25042.10373196 -.00000083  00000-0  00000+0 0  9993
2 43246  54.6257 317.0938 0004997   6.5775 353.4646  1.86228921 46741
1 43246U 18029B   25042.10373196 -.00000083  00000-0  00000-0 0  9994
2 43246  54.6257 317.0938 0004997   6.5775 353.4646  1.86228921 46730
1 43246U 18029B   25043.17765595 -.00000083  00000-0  00000+0 0  9999
2 43246  54.6248 317.0565 0005003   6.9103 353.1359  1.86228950 46767
1 43246U 18029B   25043.17765595 -.00000083  00000-0  00000-0 0  9990
2 43246  54.6248 317.0565 0005003   6.9103 353.1359  1.86228950 46756
1 43246U 18029B   25044.25157926 -.00000083  00000-0  00000+0 0  9992
2 43246  54.6239 317.0193 0005006   7.3773 352.6724  1.86228981 46781
1 43246U 18029B   25044.25157932 -.00000083  00000-0  00000-0 0  9990
2 43246  54.6239 317.0193 0005007   7.4025 352.6472  1.86228982 46773
1 43246U 18029B   25045.32550049 -.00000084  00000-0  00000+0 0  9995
2 43246  54.6230 316.9820 0005017   7.6397 352.4124  1.86229004 46806
1 43246U 18029B   25045.32550049 -.00000084  00000-0  00000-0 0  9996
2 43246  54.6230 316.9820 0005017   7.6397 352.4124  1.86229004 46794
1 43246U 18029B   25046.39942083 -.00000085  00000-0  00000+0 0  9997
2 43246  54.6220 316.9447 0005025   8.1084 351.9455  1.86229021 46820
1 43246U 18029B   25046.39942083 -.00000085  00000-0  00000-0 0  9998
2 43246  54.6220 316.9447 0005025   8.1084 351.9455  1.86229021 46819
1 43246U 18029B   25048.01029770 -.00000085  00000-0  00000+0 0  9997
2 43246  54.6206 316.8889 0005040   8.6080 351.4466  1.86229048 46850
1 43246U 18029B   25048.01029770 -.00000085  00000-0  00000-0 0  9998
2 43246  54.6206 316.8889 0005040   8.6080 351.4466  1.86229048 46849
1 43246U 18029B   25049.08421459 -.00000082  00000-0  00000+0 0  9992
2 43246  54.6197 316.8515 0005044   8.8001 351.2542  1.86229047 46878
1 43246U 18029B   25049.08421459 -.00000082  00000-0  00000-0 0  9993
2 43246  54.6197 316.8515 0005046   8.8247 351.2297  1.86229051 46863
1 43246U 18029B   25050.15813214 -.00000077  00000-0  00000+0 0  9990
2 43246  54.6188 316.8142 0005048   9.1600 350.8943  1.86229034 46895
1 43246U 18029B   25050.15813214 -.00000077  00000-0  00000-0 0  9991
2 43246  54.6188 316.8142 0005048   9.1600 350.8943  1.86229034 46884
1 43246U 18029B   25051.23205025 -.00000071  00000-0  00000-0 0  9990
2 43246  54.6179 316.7769 0005055   9.4091 350.6453  1.86229009 46902
1 43246U 18029B   25051.76900875 -.00000067  00000-0  00000+0 0  9997
2 43246  54.6174 316.7582 0005052   9.5153 350.5395  1.86229016 46921
1 43246U 18029B   25051.76900875 -.00000067  00000-0  00000-0 0  9998
2 43246  54.6174 316.7582 0005052   9.5153 350.5395  1.86229016 46910
1 43246U 18029B   25052.30596854 -.00000063  00000-0  00000-0 0  9993
2 43246  54.6169 316.7396 0005059   9.7903 350.2652  1.86228998 46921
1 43246U 18029B   25056.06469454 -.00000041  00000-0  00000+0 0  9990
2 43246  54.6137 316.6090 0005058  10.7003 349.3648  1.86228892 47005
1 43246U 18029B   25056.06469454 -.00000041  00000-0  00000-0 0  9991
2 43246  54.6137 316.6090 0005058  10.7003 349.3648  1.86228892 46992
1 43246U 18029B   25057.13861683 -.00000039  00000-0  00000+0 0  9996
2 43246  54.6127 316.5717 0005054  10.9818 349.0866  1.86228875 47023
1 43246U 18029B   25057.13861683 -.00000039  00000-0  00000-0 0  9997
2 43246  54.6127 316.5717 0005054  10.9818 349.0866  1.86228875 47012